Refrigearnt   MF_oil       T/K     p/MPa   p_calc   den_exp   den_calc vis_exp/mPas vis_calc
 isobutane    0.8093    352.95    0.1840    0.2529    810.90    812.31      1.32        1.79
 isobutane    0.7546    352.95    0.2460    0.3271    803.50    805.10      1.17        1.67
 isobutane    0.6404    352.75    0.3820    0.4823    786.40    787.57      0.95        1.32
 isobutane    0.5467    352.75    0.4900    0.6114    770.50    769.74      0.82        1.00
 isobutane    0.4614    352.55    0.6220    0.7257    747.70    750.01      0.66        0.74
 isobutane    0.3450    353.15    0.7810    0.8910    718.10    714.61      0.51        0.47
 isobutane    0.1996    352.65    0.9470    1.0633    676.10    650.08      0.31        0.25
 isobutane    0.1041    352.45    1.1200    1.1678    593.00    583.84      0.19        0.15
 isobutane    0.0201    353.15    1.2760    1.2901    515.40    491.28      0.15        0.09
 isobutane    0.8230    332.45    0.1180    0.1597    826.00    825.37      1.80        2.70
 isobutane    0.6305    333.05    0.2720    0.3389    799.10    797.43      1.21        1.79
 isobutane    0.5718    333.35    0.3450    0.3948    785.40    786.57      1.01        1.46
 isobutane    0.4556    332.65    0.4690    0.4917    760.60    761.34      0.78        0.94
 isobutane    0.3419    333.05    0.5430    0.5927    726.30    727.72      0.55        0.57
 isobutane    0.2166    332.65    0.6520    0.6845    674.50    676.01      0.34        0.32
 isobutane    0.1400    332.75    0.7170    0.7406    631.80    631.17      0.24        0.22
 isobutane    0.0904    333.35    0.7520    0.7860    599.30    593.17      0.20        0.16
 isobutane    0.0597    333.25    0.7720    0.8068    575.10    565.51      0.18        0.14
 isobutane    0.0426    333.05    0.7860    0.8166    558.60    548.23      0.16        0.12
 isobutane    0.0143    333.05    0.8200    0.8413    545.90    515.33      0.17        0.10
 isobutane    0.6441    313.15    0.2030    0.2081    807.80    811.42      2.03        2.83
 isobutane    0.5487    313.25    0.2500    0.2625    792.70    794.33      1.32        1.94
 isobutane    0.4751    313.15    0.2980    0.3020    773.30    778.63      1.05        1.40
 isobutane    0.4028    313.15    0.3310    0.3399    758.20    760.25      0.80        0.99
 isobutane    0.3328    313.45    0.3750    0.3777    734.10    738.66      0.61        0.70
 isobutane    0.2644    313.15    0.3950    0.4071    709.90    713.45      0.49        0.49
 isobutane    0.2124    312.85    0.4130    0.4270    696.40    690.36      0.40        0.38
 isobutane    0.1806    313.05    0.4330    0.4428    694.50    673.79      0.31        0.32
 isobutane    0.1369    313.05    0.4500    0.4610    673.80    647.92      0.25        0.25
 isobutane    0.1195    313.15    0.4640    0.4694    658.40    636.24      0.24        0.23
 isobutane    0.0903    313.05    0.4780    0.4803    638.60    614.90      0.23        0.19
 isobutane    0.0650    313.05    0.4970    0.4970    619.20    594.04      0.20        0.17
 isobutane    0.0386    313.05    0.5250    0.5250    593.40    569.45      0.18        0.14
 isobutane    0.0205    313.25    0.5300    0.5300    577.50    550.37      0.17        0.12
 isobutane    0.0031    313.25    0.5310    0.5310    558.50    530.32      0.16        0.11
 isobutane    0.9248    296.35    0.0420    0.0420    859.50    855.93      5.21        7.31
 isobutane    0.8299    296.25    0.0760    0.0760    851.90    846.06      4.34        7.41
 isobutane    0.7377    296.45    0.1140    0.1140    839.30    834.70      3.42        6.10
 isobutane    0.6585    296.35    0.1400    0.1400    827.70    823.49      2.59        4.65
 isobutane    0.5907    296.25    0.1590    0.1590    817.20    812.45      2.09        3.47
 isobutane    0.5132    296.15    0.1880    0.1880    800.40    797.77      1.61        2.37
 isobutane    0.3877    296.25    0.2100    0.2204    770.40    767.50      0.96        1.20
 isobutane    0.3401    296.35    0.2300    0.2356    757.70    753.24      0.81        0.92
 isobutane    0.3000    296.35    0.2400    0.2475    748.00    739.74      0.73        0.74
 isobutane    0.2033    296.05    0.2700    0.2718    709.20    699.88      0.45        0.43
 isobutane    0.1864    296.05    0.2800    0.2800    700.00    691.53      0.43        0.39
 isobutane    0.1566    295.95    0.2900    0.2900    688.50    675.50      0.36        0.33
 isobutane    0.1351    296.35    0.2950    0.2950    664.90    662.41      0.33        0.29
 isobutane    0.0873    296.35    0.3100    0.3100    634.80    629.90      0.27        0.22
 isobutane    0.0525    296.35    0.3200    0.3200    612.00    601.75      0.26        0.18
