	                 MW	         Tc/K	Pc/MPa	rho_c	acc	        Tb / K	T_tp/K	p_tp/MPa	T_melt/K    D_H_fus/J mol-1 D_Cp_melt/Jmol-1K-1	D_rho_melt/kmolm-3
Water               18.0152     647.300	22.1200	17.8738	0.344000	373.15	273.160	6.11730E-04	273.150     6.00174E+03     37.830000           -613.8735
Nitrogen            28.0135     126.192	3.3958	11.1839	0.037200	77.35	63.148	1.25200E-02	63.300      3.60000E+02     8.940000            352.6630
CO2                 44.0098     304.128	7.3773	10.6249	0.223000	220.00	216.592	5.17950E-01	216.580     8.65230E+03     13.801800           116.5121
H2S                 34.0809     373.100	9.0000	10.1900	0.100500	212.85	187.680	2.32000E-02	189.600     2.37500E+03     -59.462040          168.5919
Methane             16.0428     190.564	4.5992	10.1391	0.010400	111.63	90.694	1.16960E-02	90.675      9.28400E+03     9.757000            401.3186
Ethane              30.0700     305.330	4.8718	6.8700	0.099100	184.55	90.352	1.13000E-06	89.850      2.86000E+03     19.147800           199.4840
Propane             44.0956     369.850	4.2477	5.0000	0.152000	231.05	85.470	2.00000E-10	85.500      3.52600E+03     31.894900           525.3803
ISOBUTAN            58.1222     407.850	3.6400	3.8600	0.184400	261.42	113.540	1.41000E-08	113.730     4.61000E+03     17.861000           86.9797
Butane              58.1222     425.160	3.7960	3.9200	0.198500	272.65	134.860	6.74000E-07	134.850     4.66400E+03     25.106700           109.0554
Cyclobutane         56.1076     460.000	4.9800	4.7619	0.177000	285.70	182.480	1.80101E-04	182.400     1.08800E+03     -17.284500          234.9759
iPentane            72.1488     460.450	3.3770	3.2680	0.227000	301.03	113.250	1.00000E-10	113.250     5.14700E+03     32.194000           74.4222
Pentane             72.1488     469.700	3.3665	3.2156	0.251300	309.21	143.420	6.86000E-08	143.470     8.40100E+03     39.524800           60.5628
NEOPENTN            72.1488     433.750	3.1940	3.3003	0.195000	282.63	256.600	3.58008E-02	256.760     3.09600E+03     -6.672705           80.9926
CYCLOPEN            70.1345     511.700	4.5080	3.8462	0.192000	322.40	179.280	9.44000E-06	179.350     6.07000E+02     -11.660600          81.8601
Methylcyclopentane	84.1613     532.790	3.7850	3.1348	0.230249	344.96	130.730	1.00000E-10	130.730     6.92900E+03     37.921900           71.3672
Ethylcyclopentane	98.1882     569.520	3.3980	2.6667	0.271582	376.62	134.710	0.00000E+00	134.710     6.86970E+03     49.767100           60.4235
Hexane              86.1754     507.820	3.0181	2.7059	0.297900	341.88	177.830	9.02000E-07	177.830     1.30800E+04     43.537800           79.4226
Cyclohex            84.1614     553.560	4.0700	3.2468	0.209000	353.88	279.690	5.38021E-03	279.600     2.67700E+03     14.630000           120.4290
n-Heptane           100.2020	540.130	2.7270	2.3153	0.349800	371.58	182.570	1.83000E-07	182.550     1.40370E+04     53.317100           72.2319
octane              114.2310	569.320	2.4970	2.0564	0.396000	398.82	216.380	2.11000E-06	216.370     2.07400E+04     50.007900           50.8145
Nonane              128.2579	594.600	2.2880	1.8248	0.445000	423.97	219.660	4.31000E-07	219.650     1.54680E+04     54.709100           46.0669
Decane              142.2848	617.700	2.1200	1.6584	0.489000	447.30	243.510	1.41000E-06	243.500     2.87150E+04     52.274200           36.9352
C11                 156.3117	638.800	1.9660	1.5152	0.535000	469.08	247.571	4.08000E-07	247.580     2.21790E+04     52.054900           33.8104
C12                 170.3386	658.200	1.8240	1.4025	0.575000	489.47	263.568	6.15000E-07	263.580     3.68360E+04     62.666800           31.0780
Tridecane           184.3655	676.000	1.7200	1.2821	0.619000	508.60	267.760	2.51000E-07	267.780     2.85010E+04     23.193000           25.5524
Tetradecane         198.3924	693.000	1.6200	1.2048	0.644000	526.73	279.010	2.53000E-07	279.020     4.50700E+04     68.497900           25.0912
Pentadecane         212.4193	707.000	1.5200	1.1364	0.706000	543.80	283.072	1.29000E-07	283.100     3.45930E+04 	8.125800            24.0176
C16                 226.4462	722.000	1.4100	1.0753	0.742000	560.00	291.308	9.22000E-08	291.330     5.33590E+04     71.337000           24.1282
Heptadecane         240.4731	736.000	1.3400	1.0000	0.706000	575.23	295.134	4.66000E-08	295.134     4.01640E+04     43.608700           22.2650
Octadecane          254.5000	747.000	1.2700	0.9434	0.811359	589.86	301.310	3.39000E-08	301.310     6.17060E+04     72.312200           21.3938
Nondecane           268.5269	758.000	1.2100	0.8929	0.852231	603.05	305.040	1.59000E-08	305.040     4.58100E+04     33.512400           19.7488
Benzene             78.1140     562.160	4.8980	3.8610	0.208000	353.24	278.680	4.76200E-03	278.600     9.92000E+03     1.337300            96.0712
Toluene             92.1409     591.790	4.1040	3.1646	0.263000	383.78	178.180	4.23000E-08	178.150     6.63600E+03     45.026800           171.6228
Ethylbenzene        106.1678	617.200	3.6060	2.6738	0.302604	409.35	178.150	4.00000E-09	178.200     9.18400E+03     48.211300           62.1946
mXylene             106.1678	617.050	3.5350	2.6596	0.323000	412.27	225.300	3.21000E-06	225.200     1.15650E+04     39.876900           64.3632
oXylene             106.1678	630.300	3.7300	2.7100	0.308000	417.58	247.980	2.20000E-05	247.950     1.36090E+04     24.432000           86.0527
pXylene             106.1678	616.200	3.5110	2.6385	0.318000	411.52	286.410	5.81437E-04	286.400     1.68040E+04     19.816700           58.8531
Hydrogen            2.0158	    32.938	1.2838	15.556 -0.218000	20.33	13.957	7.35782E-03	14.000	    6.00000E+01	    6.892200	        345.0000
Argon	            39.9480	    150.687	4.8630 13.4074 -0.002300	87.29	83.806	6.88909E-02	83.800	    1.18000E+03	    9.810000	        177.0000
CO           	    28.0110	    132.800	3.4935 10.8500	0.047000	81.65	68.160	1.55369E-02	68.080	    8.35000E+02	   -26.800000	        209.0000
Oxygen	            31.9988	    154.581	5.0430 13.6300	0.022200	90.19	54.361	1.46278E-04	54.400	    2.20000E+02	   -7.517990	        480.0000